20.72		976.59	46.3
20.83		976.46	65.3
21.00		976.47	55.3
b'21.70\r\n'		b'976.33\r\n'	177.3
21.77
		976.35
	168.3
21.90
		976.26
	177.3
21.97
		976.26
	168.3
21.99
		976.26
	58.3
21.97
		976.28
	177.3
21.59
		976.23
	58.3
22.50
		976.13
	58.3
22.48
		976.13
	168.3
22.49
		976.11
	168.3
22.49
		976.10
	168.3
22.49
		976.12
	168.3
22.69
		976.04
	168.3
22.63
		976.03
	58.3
22.56
		975.97
	168.3
22.49
		976.00
	168.3
22.71
		975.96
	105.3
22.62
		975.98
	105.3
22.76
		976.00
	105.3
22.67
		975.96
	105.3
22.71
		975.93
	105.3
22.83
		976.01
	100.3
22.72
		975.94
	105.3
23.42
		975.99
	100.3
24.36
		976.04
	125.3
22.50
		975.81
	105.3
22.52
		975.81
	105.3
22.67
		975.84
	100.3
22.63
		975.84
	105.3
22.59
		975.82
	105.3
22.60
		975.81
	46.3
22.29
		975.40
	65.3
22.36
		975.41
	65.3
22.39
		975.40
	65.3
22.64
		975.47
	65.3
22.56
		975.45
	65.3
22.51
		975.42
	65.3
22.45
		975.42
	105.3
22.86
		975.57
	65.3
22.55
		975.50
	65.3
